// Cool
// 19 degrees
// Fan 3

// Ready to decode IR!

            H1       H2       H3       ?        ?        Pow      Mode     Temp     Fan      ?        ?        ?        ?        ?
            0        1        2        3        4        5        6        7        8        9        10       11       12       13
ON          11000100 11010011 01100100 10000000 00000000 00100100 11000000 00110000 10110100 00000000 00000000 00000000 00001100 10100101
OFF         11000100 11010011 01100100 10000000 00000000 00000100 11000000 00110000 10110100 00000000 00000000 00000000 00001100 10000101
ON          11000100 11010011 01100100 10000000 00000000 00100100 11000000 00110000 10110100 00000000 00000000 00000000 00001100 10100101
TEMP_UP     11000100 11010011 01100100 10000000 00000000 00100100 11000000 11010000 10110100 00000000 00000000 00000000 00001100 00100101
TEMP_UP     11000100 11010011 01100100 10000000 00000000 00100100 11000000 01010000 10110100 00000000 00000000 00000000 00001100 11000101
TEMP_UP     11000100 11010011 01100100 10000000 00000000 00100100 11000000 10010000 10110100 00000000 00000000 00000000 00001100 01000101
TEMP_DOWN   11000100 11010011 01100100 10000000 00000000 00100100 11000000 01010000 10110100 00000000 00000000 00000000 00001100 11000101
TEMP_DOWN   11000100 11010011 01100100 10000000 00000000 00100100 11000000 11010000 10110100 00000000 00000000 00000000 00001100 00100101
TEMP_DOWN   11000100 11010011 01100100 10000000 00000000 00100100 11000000 00110000 10110100 00000000 00000000 00000000 00001100 10100101
 
FAN_AUTO    11000100 11010011 01100100 10000000 00000000 00100100 11000000 00110000 00000000 00000000 00000000 00000000 00001100 00011110
FAN_1       11000100 11010011 01100100 10000000 00000000 00100100 11000000 00110000 01000000 00000000 00000000 00000000 00001100 01011110
FAN_2       11000100 11010011 01100100 10000000 00000000 00100100 11000000 00110000 11000000 00000000 00000000 00000000 00001100 11011110
FAN_3       11000100 11010011 01100100 10000000 00000000 00100100 11000000 00110000 10100000 00000000 00000000 00000000 00001100 10111110
LANE_1      11000100 11010011 01100100 10000000 00000000 00100100 11000000 00110000 10110000 00000000 00000000 00000000 00001100 10100001
LANE_2      11000100 11010011 01100100 10000000 00000000 00100100 11000000 00110000 10101000 00000000 00000000 00000000 00001100 10110001
LANE_3      11000100 11010011 01100100 10000000 00000000 00100100 11000000 00110000 10111000 00000000 00000000 00000000 00001100 10101001
LANE_4      11000100 11010011 01100100 10000000 00000000 00100100 11000000 00110000 10100100 00000000 00000000 00000000 00001100 10111001
LANE_5      11000100 11010011 01100100 10000000 00000000 00100100 11000000 00110000 10110100 00000000 00000000 00000000 00001100 10100101
LANE_6      11000100 11010011 01100100 10000000 00000000 00100100 11000000 00110000 10111100 00000000 00000000 00000000 00001100 10101101
LANE_AUTO   11000100 11010011 01100100 10000000 00000000 00100100 11000000 00110000 10100000 00000000 00000000 00000000 00001100 10111110
 
VANE_1      11000100 11010011 01100100 10000000 00000000 00100100 10000000 10010000 10100000 00000000 00000000 00000000 00100000 00110010 //left
VANE_2      11000100 11010011 01100100 10000000 00000000 00100100 10000000 10010000 10100000 00000000 00000000 00000000 00010000 00001010 // left middle
VANE_3      11000100 11010011 01100100 10000000 00000000 00100100 10000000 10010000 10100000 00000000 00000000 00000000 00110000 00101010 // middle
VANE_4      11000100 11010011 01100100 10000000 00000000 00100100 10000000 10010000 10100000 00000000 00000000 00000000 00001000 00011010 // right middle
VANE_5      11000100 11010011 01100100 10000000 00000000 00100100 10000000 10010000 10100000 00000000 00000000 00000000 00101000 00111010 // right
VANE_6      11000100 11010011 01100100 10000000 00000000 00100100 10000000 10010000 10100000 00000000 00000000 00000000 00000100 00010110 // left right
VANE_7      11000100 11010011 01100100 10000000 00000000 00100100 10000000 10010000 10100000 00000000 00000000 00000000 00001100 00011110 // Swing
MODE_AUTO   11000100 11010011 01100100 10000000 00000000 00100100 00010000 11100000 10100000 00000000 00000000 00000000 00001100 10111110
MODE_COOL   11000100 11010011 01100100 10000000 00000000 00100100 11000000 00110000 10100000 00000000 00000000 00000000 00001100 10111110
MODE_DRY    11000100 11010011 01100100 10000000 00000000 00100100 01000000 11100000 10100000 00000000 00000000 00000000 00001100 11101110
MODE_HEAT   11000100 11010011 01100100 10000000 00000000 00100100 10000000 10010000 10100000 00000000 00000000 00000000 00001100 00011110
 
